-4.837583524903513120e-06
-6.378375961985781322e-06
3.993236683910048308e-07
1.468229175051407525e-06
1.289860276249072019e-05
7.470414351588696947e-06
-8.379429760757815961e-06
-2.022634796396911943e-06
5.247517244541264670e-06
1.064956064913798119e-05
-1.508258259620471240e-06
5.009360178692456232e-06
3.897083169556370164e-07
1.685218943005082216e-05
-6.511284146687342363e-06
-2.767239244994378061e-05
1.670792828723251770e-05
5.085260178409672150e-06
1.215453469157292123e-05
-1.803864185391708814e-05
-5.600383419723626389e-05
-2.869925138354095708e-04
-1.571755540656016251e-04
3.563512387501919701e-05
2.409207698898804622e-05
1.639010364617540346e-05
-7.371548449548283952e-06
-1.156764716905908172e-05
-2.223796610163418893e-05
1.112588244310012312e-05
-1.153332658105186885e-05
1.739036330045550620e-05
2.475680256460916075e-07
5.128309215739955025e-06
4.066821381082208065e-06
1.006206057439864939e-05
-1.581383547939201167e-05
-3.926190811182033575e-05
1.089062572316933268e-05
-1.902257597732541332e-04
-1.581868726712666227e-04
4.769604522622771626e-05
8.271627312486010250e-06
4.001399471332006227e-06
6.643748750796383384e-06
2.727097841966319973e-06
6.741770694738107237e-07
6.793249461870708560e-06
1.810363418581265485e-06
-5.046364110146875002e-07
-1.113783650650318879e-06
-3.427788576588810282e-07
-2.796123027344692007e-06
-5.493118580813274483e-06
1.321603792327521138e-06
5.987942543516666953e-06
-9.476390137827569113e-07
-1.018372414653800963e-06
-1.305658218058483285e-06
2.469034795326646507e-06
