# Time_Step Physical_Time Residual Converged
     0 0.000000e+00 9.000000e+00 0
     1 1.000000e-05 2.559426e+01 0
     2 2.000000e-05 2.558124e+01 0
     3 3.000000e-05 2.560494e+01 0
     4 4.000000e-05 2.562607e+01 0
     5 5.000000e-05 2.556584e+01 0
     6 6.000000e-05 2.560342e+01 0
     7 7.000000e-05 2.564013e+01 0
     8 8.000000e-05 2.567694e+01 0
     9 9.000000e-05 2.571455e+01 0
    10 1.000000e-04 2.575347e+01 0
    11 1.100000e-04 2.579407e+01 0
    12 1.200000e-04 2.583633e+01 0
    13 1.300000e-04 2.588059e+01 0
    14 1.400000e-04 2.626272e+01 0
    15 1.500000e-04 2.575965e+01 0
    16 1.600000e-04 2.582049e+01 0
    17 1.700000e-04 2.588274e+01 0
    18 1.800000e-04 2.594648e+01 0
    19 1.900000e-04 2.601270e+01 0
    20 2.000000e-04 2.607784e+01 0
    21 2.100000e-04 2.647444e+01 0
    22 2.200000e-04 2.652833e+01 0
    23 2.300000e-04 2.658452e+01 0
    24 2.400000e-04 2.647259e+01 0
    25 2.500000e-04 2.654264e+01 0
    26 2.600000e-04 2.661753e+01 0
    27 2.700000e-04 2.669426e+01 0
    28 2.800000e-04 2.677374e+01 0
    29 2.900000e-04 2.685564e+01 0
    30 3.000000e-04 2.693971e+01 0
    31 3.100000e-04 2.702578e+01 0
    32 3.200000e-04 2.702778e+01 0
    33 3.300000e-04 2.710246e+01 0
    34 3.400000e-04 2.718070e+01 0
    35 3.500000e-04 2.726161e+01 0
    36 3.600000e-04 2.734954e+01 0
    37 3.700000e-04 2.743402e+01 0
    38 3.800000e-04 2.751932e+01 0
    39 3.900000e-04 2.760465e+01 0
    40 4.000000e-04 2.768951e+01 0
    41 4.100000e-04 2.818589e+01 0
    42 4.200000e-04 2.742403e+01 0
    43 4.300000e-04 2.750175e+01 0
    44 4.400000e-04 2.832529e+01 0
    45 4.500000e-04 2.851285e+01 0
    46 4.600000e-04 2.821052e+01 0
    47 4.700000e-04 2.832013e+01 0
    48 4.800000e-04 2.843012e+01 0
    49 4.900000e-04 2.854296e+01 0
    50 5.000000e-04 2.865393e+01 0
    51 5.100000e-04 2.876562e+01 0
    52 5.200000e-04 2.887814e+01 0
    53 5.300000e-04 2.912914e+01 0
    54 5.400000e-04 2.926273e+01 0
    55 5.500000e-04 2.939656e+01 0
    56 5.600000e-04 2.953080e+01 0
    57 5.700000e-04 2.966558e+01 0
    58 5.800000e-04 2.980099e+01 0
    59 5.900000e-04 2.993713e+01 0
    60 6.000000e-04 3.007208e+01 0
    61 6.100000e-04 3.020988e+01 0
    62 6.200000e-04 3.034855e+01 0
    63 6.300000e-04 3.048812e+01 0
    64 6.400000e-04 3.062884e+01 0
    65 6.500000e-04 3.090493e+01 0
    66 6.600000e-04 3.108261e+01 0
    67 6.700000e-04 3.126064e+01 0
    68 6.800000e-04 3.143974e+01 0
    69 6.900000e-04 3.135028e+01 0
    70 7.000000e-04 3.152809e+01 0
    71 7.100000e-04 3.170921e+01 0
    72 7.200000e-04 3.189316e+01 0
    73 7.300000e-04 3.207972e+01 0
    74 7.400000e-04 3.226879e+01 0
    75 7.500000e-04 3.304687e+01 0
    76 7.600000e-04 3.328195e+01 0
    77 7.700000e-04 3.303582e+01 0
    78 7.800000e-04 3.324503e+01 0
    79 7.900000e-04 3.345961e+01 0
    80 8.000000e-04 3.367498e+01 0
    81 8.100000e-04 3.389250e+01 0
    82 8.200000e-04 3.419658e+01 0
    83 8.300000e-04 3.453336e+01 0
    84 8.400000e-04 3.487477e+01 0
    85 8.500000e-04 3.522084e+01 0
    86 8.600000e-04 3.557168e+01 0
    87 8.700000e-04 3.592716e+01 0
    88 8.800000e-04 3.628739e+01 0
    89 8.900000e-04 3.665242e+01 0
    90 9.000000e-04 3.702228e+01 0
    91 9.100000e-04 3.739708e+01 0
    92 9.200000e-04 3.777670e+01 0
    93 9.300000e-04 3.846367e+01 0
    94 9.400000e-04 3.888153e+01 0
    95 9.500000e-04 3.930434e+01 0
    96 9.600000e-04 3.973237e+01 0
    97 9.700000e-04 4.016588e+01 0
    98 9.800000e-04 4.060492e+01 0
    99 9.900000e-04 4.098348e+01 0
   100 1.000000e-03 4.143794e+01 0
   101 1.010000e-03 4.189824e+01 0
   102 1.020000e-03 4.236446e+01 0
   103 1.030000e-03 4.283655e+01 0
   104 1.040000e-03 4.331471e+01 0
   105 1.050000e-03 4.379896e+01 0
   106 1.060000e-03 4.428937e+01 0
   107 1.070000e-03 4.478598e+01 0
   108 1.080000e-03 4.528888e+01 0
   109 1.090000e-03 4.579809e+01 0
   110 1.100000e-03 4.631372e+01 0
   111 1.110000e-03 4.683585e+01 0
   112 1.120000e-03 4.736447e+01 0
   113 1.130000e-03 4.789974e+01 0
   114 1.140000e-03 4.844167e+01 0
   115 1.150000e-03 4.899039e+01 0
   116 1.160000e-03 4.954591e+01 0
   117 1.170000e-03 5.010824e+01 0
   118 1.180000e-03 5.067756e+01 0
   119 1.190000e-03 5.125395e+01 0
   120 1.200000e-03 5.183742e+01 0
   121 1.210000e-03 5.242802e+01 0
   122 1.220000e-03 5.302588e+01 0
   123 1.230000e-03 5.363101e+01 0
   124 1.240000e-03 5.424347e+01 0
   125 1.250000e-03 5.490213e+01 0
   126 1.260000e-03 5.555592e+01 0
   127 1.270000e-03 5.621667e+01 0
   128 1.280000e-03 5.688486e+01 0
   129 1.290000e-03 5.756012e+01 0
   130 1.300000e-03 5.824313e+01 0
   131 1.310000e-03 5.893351e+01 0
   132 1.320000e-03 5.963169e+01 0
   133 1.330000e-03 6.033733e+01 0
   134 1.340000e-03 6.105088e+01 0
   135 1.350000e-03 6.177208e+01 0
   136 1.360000e-03 6.250108e+01 0
   137 1.370000e-03 6.323792e+01 0
   138 1.380000e-03 6.398264e+01 0
   139 1.390000e-03 6.473527e+01 0
   140 1.400000e-03 6.549581e+01 0
   141 1.410000e-03 6.626443e+01 0
   142 1.420000e-03 6.704097e+01 0
   143 1.430000e-03 6.782549e+01 0
   144 1.440000e-03 6.861805e+01 0
   145 1.450000e-03 6.941873e+01 0
   146 1.460000e-03 7.022766e+01 0
   147 1.470000e-03 7.104440e+01 0
   148 1.480000e-03 7.186931e+01 0
   149 1.490000e-03 7.270260e+01 0
   150 1.500000e-03 7.354359e+01 0
   151 1.510000e-03 7.439292e+01 0
   152 1.520000e-03 7.525035e+01 0
   153 1.530000e-03 7.611589e+01 0
   154 1.540000e-03 7.698966e+01 0
   155 1.550000e-03 7.787162e+01 0
   156 1.560000e-03 7.876120e+01 0
   157 1.570000e-03 7.965909e+01 0
   158 1.580000e-03 8.056516e+01 0
   159 1.590000e-03 8.147933e+01 0
   160 1.600000e-03 8.240122e+01 0
   161 1.610000e-03 8.351286e+01 0
   162 1.620000e-03 8.450074e+01 0
   163 1.630000e-03 8.549762e+01 0
   164 1.640000e-03 8.650427e+01 0
   165 1.650000e-03 8.752040e+01 0
   166 1.660000e-03 8.854612e+01 0
   167 1.670000e-03 8.958246e+01 0
   168 1.680000e-03 9.062843e+01 0
   169 1.690000e-03 9.168566e+01 0
   170 1.700000e-03 9.275296e+01 0
   171 1.710000e-03 9.382874e+01 0
   172 1.720000e-03 9.491332e+01 0
   173 1.730000e-03 9.600584e+01 0
   174 1.740000e-03 9.710521e+01 0
   175 1.750000e-03 9.815656e+01 0
   176 1.760000e-03 9.921937e+01 0
   177 1.770000e-03 1.002819e+02 0
   178 1.780000e-03 1.013114e+02 0
   179 1.790000e-03 1.023436e+02 0
   180 1.800000e-03 1.033727e+02 0
   181 1.810000e-03 1.043983e+02 0
   182 1.820000e-03 1.054380e+02 0
   183 1.830000e-03 1.069051e+02 0
   184 1.840000e-03 1.083854e+02 0
   185 1.850000e-03 1.099333e+02 0
   186 1.860000e-03 1.114921e+02 0
   187 1.870000e-03 1.130617e+02 0
   188 1.880000e-03 1.146409e+02 0
   189 1.890000e-03 1.162312e+02 0
   190 1.900000e-03 1.172246e+02 0
   191 1.910000e-03 1.187912e+02 0
   192 1.920000e-03 1.203653e+02 0
   193 1.930000e-03 1.219461e+02 0
   194 1.940000e-03 1.235649e+02 0
   195 1.950000e-03 1.251952e+02 0
   196 1.960000e-03 1.268735e+02 0
   197 1.970000e-03 1.284778e+02 0
   198 1.980000e-03 1.300762e+02 0
   199 1.990000e-03 1.316672e+02 0
