/*--------------------------------*- C++ -*----------------------------------*\
| =========                 |                                                 |
| \\      /  F ield         | OpenFOAM: The Open Source CFD Toolbox           |
|  \\    /   O peration     | Version:  2406                                  |
|   \\  /    A nd           | Website:  www.openfoam.com                      |
|    \\/     M anipulation  |                                                 |
\*---------------------------------------------------------------------------*/
FoamFile
{
    version     2.0;
    format      ascii;
    arch        "LSB;label=32;scalar=64";
    class       faceSet;
    location    "constant/polyMesh/sets";
    object      layerFaces;
}
// * * * * * * * * * * * * * * * * * * * * * * * * * * * * * * * * * * * * * //


344
(
38912
38400
39938
39426
39939
37891
38405
38409
38922
37899
39436
37903
38416
39443
38931
37910
38936
39449
39451
39454
38432
38946
37922
39459
37927
39464
38953
38442
39468
38448
37936
39473
38961
38966
38455
39481
38458
37946
38974
37950
39489
38468
37957
39494
38982
38473
38989
37966
39503
37970
39508
38484
39511
38999
37981
39518
38494
37988
39013
38501
39526
37991
39530
39018
38506
39021
37999
39537
39026
39540
38004
39542
39030
39033
39549
38525
39038
38015
39552
39041
39554
39557
39559
38535
38023
39562
38026
39051
38541
39566
38031
39572
38548
39062
38552
39577
39578
38043
39581
39069
38047
39074
39589
38566
38054
39079
39594
39088
38064
38577
39603
38068
39095
39608
38584
39098
39611
38075
38589
39102
39618
38594
39109
38597
38088
39626
39114
39630
38095
39120
38098
38612
39637
39125
39127
39640
39642
39130
38618
38106
38111
39649
38625
39138
39653
38121
38635
39660
39148
38125
39663
39667
39155
38136
39162
38650
39675
39679
39171
38147
39686
39688
39178
39691
38667
38155
39184
38160
39698
39189
38678
39706
38170
39709
38685
39198
38174
39714
38690
39715
39716
39205
38181
38695
39208
38698
39723
39724
39212
39725
38191
38194
39219
39732
39733
39224
39737
38713
39739
38203
39742
39230
38719
39233
39747
39750
39238
38214
39751
39752
39240
38729
39754
39243
39757
38222
38736
39764
38228
39253
39767
39772
38749
39262
38242
39780
38759
39784
39273
39276
39791
39279
39792
38256
39793
39284
38774
39800
38265
39290
38778
39294
38270
39808
39297
38785
39811
38277
39302
39816
39817
39818
38283
39312
39825
38801
39826
39827
38804
38292
38809
39834
37786
39835
39323
38300
39326
39840
39841
39329
38819
39844
38310
37798
39849
39337
38313
38829
37805
39854
39343
39344
38322
39859
38836
39349
37814
38841
39866
39354
37821
39871
39360
38336
38850
39876
39878
37831
39881
38345
39882
39370
37836
39885
38350
38863
39376
39890
39378
38354
37845
39895
39384
37850
39900
39388
38364
38880
39393
39906
37859
39396
38885
39911
38375
39400
38889
39405
37869
39919
38383
39920
37873
39410
39926
39927
38904
37880
38393
39418
39931
38907
39932
39421
)


// ************************************************************************* //
